3.124000000000000075e-06
2.872000000000000200e-06
1.354000000000000081e-06
1.576000000000000242e-06
7.540000000000000019e-07
2.139999999999999840e-07
5.639999999999999152e-07
5.719999999999999868e-07
1.416000000000000080e-06
5.680000000000001098e-07
2.560000000000000689e-07
8.460000000000000316e-07
4.920000000000000116e-07
3.815999999999999548e-06
1.199999999999999946e-06
2.420000000000000123e-06
8.060000000000000969e-07
1.411999999999999991e-06
2.349999999999999947e-06
6.519999999999998561e-07
5.340000000000000965e-07
9.280000000000000512e-07
2.670000000000000271e-06
1.261999999999999945e-06
8.799999999999999390e-07
1.569999999999999791e-06
2.317999999999999660e-06
1.074000000000000009e-06
1.734000000000000042e-06
7.059999999999998897e-07
2.298000000000000275e-06
